1.0 -1065.149 81.454
20.0 -1065.151 80.403
40.0 -1065.153 78.921
60.0 -1065.156 77.157
80.0 -1065.159 75.147
100.0 -1065.163 72.918
120.0 -1065.167 70.489
140.0 -1065.171 67.873
160.0 -1065.175 65.082
180.0 -1065.18 62.125
200.0 -1065.185 59.008
220.0 -1065.19 55.737
240.0 -1065.196 52.314
260.0 -1065.201 48.744
280.0 -1065.207 45.027
300.0 -1065.214 41.165
320.0 -1065.22 37.158
340.0 -1065.227 33.008
360.0 -1065.233 28.716
380.0 -1065.24 24.281
400.0 -1065.248 19.706
420.0 -1065.255 14.989
440.0 -1065.263 10.132
460.0 -1065.271 5.135
480.0 -1065.279 0.0
