1.0 -1065.149362 81.4544981569478
20.0 -1065.151038 80.40279223503488
40.0 -1065.1534 78.92061479606737
60.0 -1065.156211 77.15668559152647
80.0 -1065.159413 75.14740017246297
100.0 -1065.162965 72.91848642852595
120.0 -1065.166837 70.48876964452519
140.0 -1065.171006 67.8726825389956
160.0 -1065.175453 65.08214779247841
180.0 -1065.180166 62.124695518954596
200.0 -1065.185132 59.00848334197492
220.0 -1065.190345 55.73727631852988
240.0 -1065.1958 52.3142119960402
260.0 -1065.20149 48.74368294106613
280.0 -1065.207413 45.02694417246183
300.0 -1065.213568 41.16462320008241
320.0 -1065.219953 37.157975042496666
340.0 -1065.226566 33.008254718986784
360.0 -1065.233406 28.716089738979846
380.0 -1065.240473 24.281480102475847
400.0 -1065.247765 19.70568082847162
420.0 -1065.255282 14.988691916967163
440.0 -1065.263022 10.13176838695931
460.0 -1065.270985 5.13491023844806
480.0 -1065.279168 0.0
